>CTTTTGGGCC	1-CTTTTGGGCC	12.329821	-14.487133	0	T:3.0(60.00%),B:0.0(0.00%),P:1e-6	Tpos:146.3,Tstd:84.7,Bpos:0.0,Bstd:0.0,StrandBias:10.0,Multiplicity:1.00
0.001	0.997	0.001	0.001
0.001	0.001	0.001	0.997
0.001	0.001	0.001	0.997
0.001	0.001	0.001	0.997
0.001	0.001	0.001	0.997
0.001	0.001	0.997	0.001
0.001	0.001	0.666	0.332
0.001	0.332	0.666	0.001
0.001	0.997	0.001	0.001
0.001	0.997	0.001	0.001
>YATCWCAKRT	2-YATCWCAKRT	8.094132	-12.413289	0	T:3.0(60.00%),B:2.0(0.74%),P:1e-5	Tpos:374.2,Tstd:113.8,Bpos:215.0,Bstd:35.0,StrandBias:2.0,Multiplicity:1.67
0.001	0.444	0.037	0.518
0.997	0.001	0.001	0.001
0.001	0.001	0.001	0.997
0.001	0.962	0.001	0.036
0.554	0.001	0.001	0.444
0.001	0.997	0.001	0.001
0.997	0.001	0.001	0.001
0.001	0.001	0.444	0.554
0.444	0.001	0.554	0.001
0.001	0.001	0.001	0.997
>AATGTCATTT	3-AATGTCATTT	9.293925	-4.356711	0	T:2.0(40.00%),B:10.0(3.72%),P:1e-1	Tpos:162.4,Tstd:117.6,Bpos:255.6,Bstd:109.7,StrandBias:-0.3,Multiplicity:2.50
0.997	0.001	0.001	0.001
0.997	0.001	0.001	0.001
0.001	0.001	0.001	0.997
0.287	0.001	0.711	0.001
0.358	0.001	0.001	0.640
0.001	0.711	0.001	0.287
0.997	0.001	0.001	0.001
0.001	0.001	0.001	0.997
0.001	0.001	0.001	0.997
0.001	0.001	0.358	0.640
>SGRCGSMTTT	4-SGRCGSMTTT	11.440151	-3.992708	0	T:1.0(20.00%),B:0.0(0.00%),P:1e-1	Tpos:85.3,Tstd:51.3,Bpos:0.0,Bstd:0.0,StrandBias:10.0,Multiplicity:6.00
0.001	0.554	0.444	0.001
0.001	0.001	0.997	0.001
0.444	0.001	0.554	0.001
0.001	0.997	0.001	0.001
0.001	0.001	0.997	0.001
0.024	0.444	0.531	0.001
0.554	0.444	0.001	0.001
0.001	0.001	0.001	0.997
0.001	0.001	0.001	0.997
0.001	0.001	0.001	0.997
>AATGGCATTG	5-AATGGCATTG	13.623736	-3.992708	0	T:1.0(20.00%),B:0.0(0.00%),P:1e-1	Tpos:32.0,Tstd:21.2,Bpos:0.0,Bstd:0.0,StrandBias:10.0,Multiplicity:3.00
0.997	0.001	0.001	0.001
0.997	0.001	0.001	0.001
0.001	0.001	0.001	0.997
0.001	0.001	0.997	0.001
0.001	0.100	0.898	0.001
0.001	0.997	0.001	0.001
0.997	0.001	0.001	0.001
0.001	0.001	0.001	0.997
0.001	0.001	0.001	0.997
0.001	0.001	0.898	0.100
