>CCCKTTACYW	1-CCCKTTACYW	10.577872	-12.016175	0	T:3.0(30.00%),B:1.0(0.37%),P:1e-5	Tpos:185.0,Tstd:23.8,Bpos:97.0,Bstd:0.0,StrandBias:10.0,Multiplicity:1.00
0.001	0.997	0.001	0.001
0.001	0.997	0.001	0.001
0.001	0.955	0.001	0.043
0.001	0.001	0.564	0.434
0.001	0.001	0.001	0.997
0.001	0.001	0.001	0.997
0.955	0.001	0.001	0.043
0.001	0.997	0.001	0.001
0.001	0.564	0.001	0.434
0.434	0.131	0.001	0.434
>CCGCGMKYYC	2-CCGCGMKYYC	10.470232	-9.956299	0	T:3.0(30.00%),B:2.0(0.74%),P:1e-4	Tpos:309.0,Tstd:148.4,Bpos:66.5,Bstd:10.5,StrandBias:1.6,Multiplicity:1.33
0.001	0.997	0.001	0.001
0.001	0.938	0.060	0.001
0.031	0.031	0.907	0.031
0.001	0.968	0.030	0.001
0.001	0.030	0.939	0.030
0.535	0.434	0.001	0.030
0.001	0.001	0.564	0.434
0.030	0.535	0.001	0.434
0.061	0.504	0.001	0.434
0.001	0.997	0.001	0.001
>TCCCAAAATT	3-TCCCAAAATT	9.977078	-9.374039	0	T:4.0(40.00%),B:7.0(2.60%),P:1e-4	Tpos:362.5,Tstd:118.7,Bpos:293.6,Bstd:125.7,StrandBias:0.7,Multiplicity:2.00
0.001	0.001	0.001	0.997
0.302	0.696	0.001	0.001
0.001	0.997	0.001	0.001
0.001	0.997	0.001	0.001
0.696	0.001	0.302	0.001
0.696	0.001	0.302	0.001
0.997	0.001	0.001	0.001
0.997	0.001	0.001	0.001
0.001	0.001	0.001	0.997
0.001	0.062	0.001	0.936
>GTGTGYGTRA	4-GTGTGYGTRA	10.656288	-8.759502	0	T:3.0(30.00%),B:3.0(1.12%),P:1e-3	Tpos:275.9,Tstd:147.9,Bpos:267.5,Bstd:109.4,StrandBias:10.0,Multiplicity:1.00
0.001	0.001	0.997	0.001
0.001	0.001	0.001	0.997
0.001	0.001	0.997	0.001
0.001	0.001	0.001	0.997
0.001	0.001	0.997	0.001
0.001	0.434	0.001	0.564
0.001	0.001	0.997	0.001
0.001	0.001	0.001	0.997
0.434	0.001	0.564	0.001
0.868	0.001	0.001	0.130
>TGGCTCTAVA	5-TGGCTCTAVA	5.281966	-8.348202	0	T:7.0(70.00%),B:44.0(16.36%),P:1e-3	Tpos:231.5,Tstd:128.1,Bpos:229.3,Bstd:135.2,StrandBias:-0.3,Multiplicity:2.71
0.001	0.001	0.001	0.997
0.001	0.136	0.862	0.001
0.001	0.001	0.997	0.001
0.001	0.997	0.001	0.001
0.001	0.137	0.137	0.725
0.137	0.725	0.137	0.001
0.274	0.004	0.137	0.585
0.997	0.001	0.001	0.001
0.274	0.274	0.315	0.137
0.862	0.001	0.136	0.001
>CCTSTYASCM	6-CCTSTYASCM	10.907748	-7.402590	0	T:2.0(20.00%),B:0.0(0.00%),P:1e-3	Tpos:174.2,Tstd:86.2,Bpos:0.0,Bstd:0.0,StrandBias:1.6,Multiplicity:2.00
0.001	0.997	0.001	0.001
0.001	0.997	0.001	0.001
0.001	0.001	0.001	0.997
0.001	0.564	0.434	0.001
0.001	0.001	0.001	0.997
0.001	0.477	0.001	0.521
0.955	0.001	0.043	0.001
0.001	0.564	0.434	0.001
0.001	0.997	0.001	0.001
0.564	0.434	0.001	0.001
>RTGATMATCA	7-RTGATMATCA	12.294087	-7.402590	0	T:2.0(20.00%),B:1.0(0.37%),P:1e-3	Tpos:324.5,Tstd:151.5,Bpos:328.0,Bstd:0.0,StrandBias:0.0,Multiplicity:1.00
0.564	0.001	0.434	0.001
0.001	0.001	0.001	0.997
0.001	0.090	0.869	0.040
0.997	0.001	0.001	0.001
0.001	0.001	0.001	0.997
0.434	0.564	0.001	0.001
0.997	0.001	0.001	0.001
0.001	0.001	0.001	0.997
0.001	0.997	0.001	0.001
0.997	0.001	0.001	0.001
>CTAGGTAATG	8-CTAGGTAATG	10.835434	-7.402590	0	T:2.0(20.00%),B:0.0(0.00%),P:1e-3	Tpos:373.0,Tstd:183.9,Bpos:0.0,Bstd:0.0,StrandBias:1.6,Multiplicity:2.00
0.001	0.997	0.001	0.001
0.001	0.001	0.001	0.997
0.997	0.001	0.001	0.001
0.071	0.001	0.927	0.001
0.001	0.001	0.997	0.001
0.001	0.001	0.001	0.997
0.997	0.001	0.001	0.001
0.767	0.001	0.231	0.001
0.001	0.001	0.001	0.997
0.001	0.231	0.767	0.001
>AAAATTCTGA	9-AAAATTCTGA	10.296193	-7.402590	0	T:2.0(20.00%),B:1.0(0.37%),P:1e-3	Tpos:274.8,Tstd:100.8,Bpos:77.0,Bstd:0.0,StrandBias:10.0,Multiplicity:2.00
0.700	0.100	0.100	0.100
0.700	0.100	0.100	0.100
0.700	0.100	0.100	0.100
0.700	0.100	0.100	0.100
0.100	0.100	0.100	0.700
0.100	0.100	0.100	0.700
0.100	0.700	0.100	0.100
0.100	0.100	0.100	0.700
0.100	0.100	0.700	0.100
0.700	0.100	0.100	0.100
>TTTAAGTCCC	10-TTTAAGTCCC	9.794507	-7.266318	0	T:3.0(30.00%),B:5.0(1.86%),P:1e-3	Tpos:273.7,Tstd:129.5,Bpos:243.2,Bstd:99.2,StrandBias:-1.0,Multiplicity:2.00
0.001	0.001	0.001	0.997
0.001	0.001	0.001	0.997
0.001	0.001	0.001	0.997
0.696	0.302	0.001	0.001
0.696	0.001	0.302	0.001
0.001	0.001	0.997	0.001
0.001	0.393	0.001	0.605
0.001	0.696	0.302	0.001
0.001	0.997	0.001	0.001
0.302	0.696	0.001	0.001
>GAWTTTTCGM	11-GAWTTTTCGM	12.210536	-6.296321	0	T:3.0(30.00%),B:7.0(2.60%),P:1e-2	Tpos:331.8,Tstd:69.1,Bpos:215.0,Bstd:100.8,StrandBias:-1.0,Multiplicity:2.00
0.001	0.001	0.997	0.001
0.997	0.001	0.001	0.001
0.443	0.001	0.001	0.555
0.001	0.001	0.001	0.997
0.001	0.001	0.001	0.997
0.001	0.001	0.001	0.997
0.001	0.001	0.001	0.997
0.001	0.997	0.001	0.001
0.001	0.001	0.997	0.001
0.443	0.555	0.001	0.001
>GATTTTTGAG	12-GATTTTTGAG	13.200986	-6.036131	0	T:2.0(20.00%),B:2.0(0.74%),P:1e-2	Tpos:232.0,Tstd:182.8,Bpos:468.0,Bstd:0.0,StrandBias:1.0,Multiplicity:1.50
0.001	0.001	0.997	0.001
0.997	0.001	0.001	0.001
0.169	0.001	0.212	0.618
0.001	0.001	0.001	0.997
0.001	0.001	0.001	0.997
0.001	0.001	0.001	0.997
0.001	0.001	0.001	0.997
0.001	0.001	0.997	0.001
0.855	0.001	0.001	0.143
0.001	0.001	0.997	0.001
>ACTGGTATTT	13-ACTGGTATTT	11.373520	-6.036131	0	T:2.0(20.00%),B:2.0(0.74%),P:1e-2	Tpos:217.2,Tstd:123.3,Bpos:399.0,Bstd:2.0,StrandBias:10.0,Multiplicity:6.00
0.997	0.001	0.001	0.001
0.001	0.997	0.001	0.001
0.001	0.001	0.001	0.997
0.001	0.001	0.997	0.001
0.001	0.001	0.904	0.094
0.001	0.001	0.001	0.997
0.904	0.001	0.001	0.094
0.001	0.001	0.001	0.997
0.001	0.001	0.001	0.997
0.001	0.001	0.001	0.997
>ATTTTGAATT	14-ATTTTGAATT	10.296193	-4.263083	0	T:2.0(20.00%),B:5.0(1.86%),P:1e-1	Tpos:150.0,Tstd:83.7,Bpos:196.0,Bstd:103.4,StrandBias:0.0,Multiplicity:2.00
0.700	0.100	0.100	0.100
0.100	0.100	0.100	0.700
0.100	0.100	0.100	0.700
0.100	0.100	0.100	0.700
0.100	0.100	0.100	0.700
0.100	0.100	0.700	0.100
0.700	0.100	0.100	0.100
0.700	0.100	0.100	0.100
0.100	0.100	0.100	0.700
0.100	0.100	0.100	0.700
>TAGTGGCTCT	15-TAGTGGCTCT	10.296193	-3.308829	0	T:1.0(10.00%),B:0.0(0.00%),P:1e-1	Tpos:200.0,Tstd:0.0,Bpos:0.0,Bstd:0.0,StrandBias:10.0,Multiplicity:1.00
0.100	0.100	0.100	0.700
0.700	0.100	0.100	0.100
0.100	0.100	0.700	0.100
0.100	0.100	0.100	0.700
0.100	0.100	0.700	0.100
0.100	0.100	0.700	0.100
0.100	0.700	0.100	0.100
0.100	0.100	0.100	0.700
0.100	0.700	0.100	0.100
0.100	0.100	0.100	0.700
>GGCTATAGAG	16-GGCTATAGAG	10.296193	-3.308829	0	T:1.0(10.00%),B:0.0(0.00%),P:1e-1	Tpos:282.0,Tstd:193.7,Bpos:0.0,Bstd:0.0,StrandBias:10.0,Multiplicity:3.00
0.100	0.100	0.700	0.100
0.100	0.100	0.700	0.100
0.100	0.700	0.100	0.100
0.100	0.100	0.100	0.700
0.700	0.100	0.100	0.100
0.100	0.100	0.100	0.700
0.700	0.100	0.100	0.100
0.100	0.100	0.700	0.100
0.700	0.100	0.100	0.100
0.100	0.100	0.700	0.100
>TTTTCCATAA	17-TTTTCCATAA	10.296193	-2.632332	0	T:1.0(10.00%),B:2.0(0.74%),P:1e-1	Tpos:237.5,Tstd:134.6,Bpos:149.0,Bstd:77.0,StrandBias:10.0,Multiplicity:12.00
0.100	0.100	0.100	0.700
0.100	0.100	0.100	0.700
0.100	0.100	0.100	0.700
0.100	0.100	0.100	0.700
0.100	0.700	0.100	0.100
0.100	0.700	0.100	0.100
0.700	0.100	0.100	0.100
0.100	0.100	0.100	0.700
0.700	0.100	0.100	0.100
0.700	0.100	0.100	0.100
